stereometrie 181 118181. 49

18181 (1818181, 118 ΗΜ, ΒΚ, 1181181 818 181Η81111888811Ν,
111 118 8111811181 1181811818181811( 11181181 818 11811181
88188818 HM. 118 1811111111 1181111818 1111011181181 818 1110,
111 ABG 11818111 11181181 811Ηο. In 1818811811181181-
folgo 8111 8188 118 1881188118, 188 18118118 181 11818818,
11181181.

181181811188181, 1811 1181111181, 181 18181 1881181-
1111118 181Η118181 181111811888811 18161111118181 188
[1188181118 181, 818181 grosso 1811111118181 18181. 181111-
1181111181 11181188881 181 (1111111818 111 BC 118 Ηῡ18 ’
81188 Zylinders, so ist 11181, 1811 1881181881110, 118 111118
18818188188111118, 181881181111811 118 111181 181, 1811 Bo
18111181188881111111181118181, 1811 8188 1881181-
1111118 118881111181 1118818111 1111131

181 will 181181181 11811 1181181181, 11181 118181818181
*Pago 118 1111811188 Betraohtung 118888 181188 18118181 11811.
1811118881111111118 1111 181 18881 1181811118 sein,
8181 181· 11111818118118118181881811111181. 181 1818 111-
1111181 88 gesohlossen: 1811 1111818111818111111811811-
88181, 11111818 111881 11 1111188181 181111111888 181 881181
818181, 88 111-18181181 11811 1111118181 Κ11ρ811, 881811 818
111 11888118 DiagonaleAG 18811181, 1881811111118 1811118118
1111181 818181 8811 1811 1811111118 181 1118181 111 111181. .
1188 181 8181 181881; 1111811 181 1811111811 181 1181 ge·
‘geben 11118, 181111811188881 188 1811181818 halb 8ο gross
118 11811188 181· 181181 11 111181 (118 88 118 818111181-
11818 1818811118 181 81811188881181 111818 18118131, 111
1811 11888 -1188111881811811 8181 auf 118 81811188881181 Komar
Ι Anwendung 8811118111118), 88 11118 181 111811118181181-
8118111181 888818181111 818 weit von 1118111818 weggefflhrt.
181111811 181 11111181, 181 181 81111181 1818818811111181,
1818181 181 8111181 1811111811. 1188 11118181 818 1811
81118181 1818188181, 18111 8181 will 181 1881111818818181
18111181 (1888818 8181 811 181 Kegelstumpf 818181181,

18118811 II. 111 abgostumpfte Kegel 118111 81188
1188111811, 811181 1811 81181, 1811 8181 1111181811
818181 Stumpf 11118181 818181181, 188881 Seite 1811
111811888811811118118181) 18818 818181181, 1881781-
1111118 181 88111111118181 1888181, 111 1181181181
8111811181 81811813881181111811818 11111811111181,
118 81 118 1118118 181Κ888181111118118181111181.

11811 181 Winkol 11188181 181 Seite 188 11111188 111

081181181188811181. 165. 4

 

